date,siteCount
2026-10-03,1
2026-10-04,1
2026-10-05,1
2026-10-06,1
2026-10-07,1
2026-10-08,1
2026-10-09,1
